                 32  232 
3121 3   22 223  2  2  2 
  212323222113 2 1 3  311
    21     2 2     1     
3 2   32 2  231    33    
   20  23  2 2  2222 22  
31   222 1112  2 203 3  2
2320201   3 31 1122 1223 
 1 1    30   13 1        
 3        310     21  23 
2  2 3        2   12 21  
3  31312  2   2 2  3   22
3 2  31 2    3 2   2102  
3213  2   0 22 1  33 0 22
    2 222 3 22 2   1 3322
 2      2   3   22332 12 
2       23  1        22  
21   321 2  2 3 22 332  2
  3    3 333 21  1 2 1  3
0222 3311       23    303
22 2 2  2       12 2   3 
222313  122  10 12 2   1 
2           2 2  3  2233 
2  022322  2 22222     2 
3    1 2  2    31 121 21 
 22 2123        23231232 
 223  32213     1  3  2  
222     2  03   3   1 122
2 222 233  23   1   2 2 2
3  2222   213123323      
